1297
1949 0

8696 0

7327 0

6550 0

3953 0

8384 0

5134 0

4871 0

18 0

3428 0

8617 0

2297 0

9829 0

9772 0

6241 0

5523 0

4705 0

1023 0

4460 0

2610 0

9447 0

650 0

7791 0

8530 0

7819 0

4758 0

1045 0

8791 0

627 0

8758 0

8691 0

1864 0

349 0

6897 0

9128 0

5771 0

5724 0

3938 0

6063 0

6644 0

8728 0

2006 0

1634 0

7989 0

2359 0

8149 0

9566 0

806 0

2754 0

4074 0

1559 0

8738 0

2732 0

7281 0

8279 0

1653 0

111 0

7193 0

2380 0

177 0

8887 0

7984 0

5339 0

5707 0

1800 0

5804 0

1448 0

9092 0

198 0

4193 0

9927 0

7021 0

9255 0

479 0

53 0

1549 0

1004 0

6871 0

7305 0

9855 0

8490 0

122 0

5023 0

8181 0

8005 0

7491 0

4330 0

6129 0

6754 0

8283 0

8917 0

416 0

587 0

2415 0

6202 0

7358 0

1283 0

2312 0

6338 0

752 0

2863 0

4138 0

5348 0

2939 0

7709 0

8226 0

115 0

462 0

8505 0

1296 0

2652 0

3546 0

5064 0

661 0

3679 0

1349 0

6772 0

4924 0

1760 0

2346 0

555 0

4637 0

2942 0

6441 0

2143 0

5020 0

1356 0

561 0

6997 0

9486 0

9053 0

4439 0

6760 0

3124 0

4589 0

399 0

7075 0

6342 0

4059 0

1161 0

6313 0

9367 0

6253 0

8795 0

6213 0

3216 0

5810 0

2044 0

973 0

2994 0

8050 0

2882 0

5853 0

2097 0

9918 0

8124 0

1789 0

1229 0

2737 0

6979 0

5263 0

1476 0

3148 0

5107 0

6976 0

8260 0

4284 0

1201 0

9610 0

3993 0

9097 0

2919 0

2868 0

3246 0

1659 0

4592 0

5311 0

1348 0

9316 0

3483 0

4112 0

1427 0

6953 0

7407 0

3730 0

6636 0

6698 0

1737 0

3091 0

7511 0

1668 0

220 0

2394 0

8981 0

7630 0

1195 0

1109 0

1351 0

7201 0

7956 0

5097 0

8285 0

9100 0

81 0

5002 0

29 0

3794 0

917 0

2339 0

2786 0

4618 0

4277 0

1342 0

8409 0

2075 0

6783 0

8677 0

5390 0

7582 0

5510 0

7368 0

5851 0

7786 0

2848 0

5912 0

7104 0

5219 0

3548 0

4717 0

7179 0

4386 0

5360 0

3720 0

414 0

3967 0

8109 0

4395 0

751 0

7038 0

3202 0

1967 0

7839 0

4892 0

3631 0

2901 0

906 0

2504 0

6115 0

3876 0

2426 0

7937 0

3612 0

7841 0

5635 0

8648 0

5857 0

5345 0

92 0

1777 0

3991 0

820 0

693 0

7438 0

1973 0

7360 0

7493 0

3854 0

7555 0

8989 0

7285 0

4563 0

9027 0

1617 0

5569 0

9564 0

2469 0

9751 0

4496 0

1642 0

7175 0

7731 0

5532 0

2548 0

9460 0

4614 0

9948 0

2510 0

2541 0

4979 0

1873 0

180 0

7308 0

5687 0

322 0

4278 0

5604 0

794 0

2017 0

7344 0

7575 0

6006 0

9985 0

7494 0

4556 0

2608 0

2976 0

7078 0

5558 0

9294 0

6960 0

4709 0

2590 0

2252 0

7914 0

8518 0

5789 0

6235 0

4631 0

4645 0

1307 0

2110 0

2738 0

2457 0

2137 0

2200 0

1154 0

6588 0

3944 0

2144 0

5397 0

733 0

6893 0

7737 0

9847 0

3525 0

8931 0

526 0

7967 0

6025 0

6493 0

4803 0

1883 0

4252 0

6603 0

1397 0

7995 0

4813 0

9291 0

4506 0

7243 0

8628 0

3764 0

7010 0

2819 0

667 0

6751 0

7124 0

3134 0

6229 0

4535 0

9960 0

1432 0

3719 0

3742 0

5561 0

7424 0

9489 0

69 0

9239 0

88 0

6915 0

6485 0

9508 0

1989 0

2904 0

4847 0

6387 0

3245 0

6517 0

5565 0

9761 0

3277 0

8390 0

7120 0

3999 0

7734 0

787 0

5513 0

6779 0

1515 0

8056 0

2651 0

4704 0

7166 0

9218 0

5818 0

1978 0

6416 0

3586 0

3877 0

5357 0

9686 0

2943 0

1679 0

9423 0

370 0

2250 0

3837 0

165 0

1948 0

61 0

3907 0

4037 0

2276 0

3550 0

6446 0

5555 0

3868 0

7261 0

8644 0

5065 0

6900 0

7445 0

9096 0

8095 0

7007 0

4893 0

6916 0

1504 0

3726 0

4194 0

1807 0

8180 0

7963 0

4319 0

9775 0

8222 0

9002 0

6957 0

8330 0

1868 0

2497 0

2131 0

6185 0

72 0

9095 0

1331 0

8177 0

5761 0

5933 0

2722 0

1985 0

3229 0

6885 0

2998 0

2928 0

5966 0

7645 0

3852 0

9061 0

8449 0

7833 0

3025 0

9833 0

7143 0

8388 0

4457 0

8792 0

458 0

3593 0

599 0

3342 0

9108 0

5931 0

141 0

9080 0

7217 0

7349 0

8582 0

1996 0

7294 0

3267 0

4951 0

7293 0

5437 0

9081 0

7258 0

205 0

3707 0

8912 0

8178 0

1984 0

703 0

868 0

5551 0

6977 0

2567 0

8521 0

9203 0

4251 0

3318 0

4473 0

8211 0

814 0

2977 0

1478 0

1164 0

7025 0

1970 0

1425 0

9629 0

7096 0

410 0

7801 0

350 0

5184 0

1246 0

2783 0

6724 0

6386 0

3932 0

8098 0

6623 0

5426 0

6054 0

6821 0

7512 0

6079 0

5100 0

8366 0

3597 0

124 0

5117 0

4626 0

9795 0

5423 0

8793 0

5502 0

2890 0

4065 0

9872 0

3552 0

156 0

5202 0

2830 0

6380 0

6215 0

4038 0

4669 0

4154 0

9647 0

2973 0

585 0

5798 0

2664 0

9160 0

9916 0

4451 0

314 0

2557 0

9540 0

5849 0

9534 0

7644 0

6418 0

1241 0

6902 0

7442 0

6924 0

2440 0

7470 0

2115 0

2881 0

34 0

7259 0

8893 0

7974 0

8314 0

5805 0

9200 0

829 0

5888 0

783 0

3737 0

6679 0

1345 0

5171 0

832 0

3981 0

9285 0

417 0

8427 0

2161 0

1361 0

7666 0

8839 0

2655 0

673 0

7830 0

6232 0

7205 0

9110 0

1886 0

3626 0

9548 0

7624 0

3874 0

4072 0

8624 0

9204 0

5890 0

3871 0

918 0

694 0

7770 0

7674 0

5471 0

1110 0

4101 0

4750 0

2535 0

2138 0

2119 0

9103 0

1596 0

5873 0

5589 0

2595 0

4380 0

8392 0

9733 0

3919 0

4164 0

4397 0

7042 0

5697 0

6826 0

7729 0

9017 0

5765 0

9265 0

3347 0

983 0

3470 0

3211 0

2354 0

1723 0

6209 0

5811 0

3617 0

2235 0

7452 0

7611 0

8831 0

4170 0

9992 0

3678 0

1044 0

1743 0

7803 0

7658 0

6236 0

4215 0

1420 0

4430 0

1830 0

9227 0

2269 0

4977 0

9573 0

1711 0

7881 0

6330 0

8751 0

9616 0

6763 0

4084 0

6939 0

242 0

3034 0

6084 0

3568 0

993 0

8138 0

5286 0

6585 0

6001 0

4026 0

6349 0

2986 0

5091 0

5530 0

5607 0

8848 0

7148 0

1137 0

984 0

811 0

25 0

8101 0

2837 0

2991 0

5193 0

4011 0

3771 0

8482 0

8818 0

3883 0

3413 0

9028 0

490 0

5374 0

3729 0

9064 0

3954 0

9406 0

8300 0

4374 0

897 0

3865 0

8008 0

8254 0

3247 0

6250 0

7474 0

1024 0

3818 0

470 0

79 0

8572 0

6966 0

3963 0

8587 0

6464 0

6442 0

9013 0

381 0

3307 0

1488 0

8659 0

521 0

9315 0

8269 0

1403 0

438 0

3243 0

8536 0

3622 0

4899 0

963 0

9143 0

3164 0

1303 0

2565 0

6468 0

4398 0

9336 0

3632 0

5767 0

440 0

3998 0

1133 0

9506 0

6109 0

335 0

6060 0

5664 0

3423 0

5172 0

7039 0

3767 0

6228 0

5113 0

7726 0

1029 0

2657 0

1927 0

83 0

6995 0

6850 0

8869 0

498 0

520 0

1584 0

3915 0

5 0

6634 0

339 0

2244 0

6212 0

4177 0

1002 0

6423 0

8618 0

4275 0

4819 0

1516 0

3324 0

4919 0

3892 0

7302 0

4231 0

3289 0

1682 0

1813 0

8488 0

3564 0

4364 0

6673 0

8958 0

7069 0

9836 0

9934 0

5990 0

1037 0

1618 0

9641 0

8591 0

5568 0

2126 0

6609 0

2520 0

3698 0

2537 0

3461 0

9596 0

8198 0

9124 0

7804 0

4381 0

5045 0

9392 0

6940 0

317 0

4463 0

5269 0

6715 0

6769 0

2162 0

960 0

429 0

6134 0

8596 0

9574 0

3074 0

4490 0

5388 0

613 0

2079 0

6665 0

5996 0

637 0

6211 0

1453 0

6076 0

8137 0

7506 0

9429 0

8902 0

4001 0

5926 0

1752 0

1878 0

8861 0

9507 0

6237 0

9432 0

500 0

1992 0

6792 0

2990 0

1048 0

3740 0

1844 0

4582 0

6239 0

3774 0

2021 0

4660 0

6794 0

7838 0

8033 0

5654 0

2268 0

1676 0

8122 0

1249 0

9461 0

4116 0

486 0

6733 0

8093 0

6612 0

5094 0

4677 0

682 0

1661 0

3809 0

7977 0

1899 0

1565 0

8828 0

8569 0

1226 0

9353 0

5942 0

248 0

293 0

3955 0

6355 0

3766 0

3553 0

310 0

3708 0

9767 0

2331 0

5227 0

4713 0

7363 0

6218 0

7159 0

3218 0

6931 0

3094 0

407 0

1316 0

1824 0

9517 0

3192 0

9748 0

6602 0

2984 0

7098 0

7875 0

517 0

5956 0

7177 0

6370 0

930 0

6980 0

8404 0

5590 0

1963 0

3472 0

6189 0

5835 0

3459 0

3792 0

5918 0

7191 0

6152 0

6929 0

8843 0

3290 0

4986 0

5971 0

5999 0

5030 0

6597 0

9871 0

4213 0

2703 0

1960 0

2111 0

3463 0

7460 0

9667 0

5830 0

5386 0

5200 0

1855 0

6251 0

8262 0

2100 0

2916 0

4684 0

3694 0

1014 0

9070 0

5547 0

2778 0

2414 0

2941 0

7843 0

1415 0

1525 0

9198 0

2265 0

5585 0

2109 0

3406 0

3755 0

8654 0

7822 0

2293 0

9963 0

1952 0

2257 0

4055 0

672 0

6618 0

6717 0

3921 0

8616 0

4975 0

2824 0

3572 0

6367 0

9077 0

9182 0

4376 0

1731 0

5995 0

4891 0

7534 0

5291 0

2923 0

4434 0

1550 0

5525 0

383 0

7736 0

2214 0

4367 0

657 0

7071 0

1900 0

3491 0

3334 0

6153 0

9553 0

5285 0

9060 0

9496 0

2203 0

6669 0

4742 0

4613 0

6492 0

825 0

3580 0

9106 0

9638 0

9676 0

5450 0

8338 0

4355 0

2746 0

7099 0

20 0

2385 0

8261 0

4351 0

8412 0

4393 0

6484 0

1846 0

4681 0

9701 0

3941 0

5050 0

337 0

4083 0

6029 0

2224 0

3799 0

2798 0

891 0

9724 0

9809 0

1065 0

3050 0

8563 0

1922 0

9168 0

8649 0

436 0

6470 0

2960 0

908 0

9550 0

7594 0

6160 0

7280 0

6188 0

1939 0

6805 0

2508 0

8025 0

7462 0

679 0

5013 0

336 0

4855 0

3407 0

4642 0

5831 0

1742 0

9600 0

4383 0

9350 0

6793 0

2151 0

1557 0

8128 0

6314 0

8328 0

8070 0

3605 0

7827 0

9539 0

3557 0

2317 0

9810 0

7312 0

9275 0

6285 0

1085 0

1176 0

5159 0

270 0

3788 0

3186 0

4933 0

5292 0

2876 0

1041 0

3212 0

7338 0

4246 0

5896 0

5016 0

4445 0

5936 0

4068 0

3817 0

8363 0

5438 0

7653 0

9889 0

2047 0

1826 0

7218 0

7290 0

2147 0

542 0

4922 0

5109 0

8969 0

896 0

215 0

1234 0

969 0

2708 0

643 0

3947 0

5480 0

537 0

1244 0

9418 0

8933 0

3027 0

3254 0

237 0

3684 0

4402 0

2260 0

427 0

4749 0

4437 0

8139 0

5177 0

1812 0

2887 0

7618 0

8190 0

1481 0

6619 0

283 0

9391 0

5836 0

1923 0

2992 0

5580 0

9083 0

548 0

4148 0

2959 0

2348 0

5427 0

3667 0

319 0

8730 0

4019 0

3394 0

4241 0

8910 0

3473 0

9221 0

3065 0

2467 0

9302 0

4406 0

4131 0

5161 0

5272 0

3162 0

620 0

1693 0

389 0

1189 0

8841 0

6972 0

5895 0

5254 0

445 0

4250 0

7496 0

1288 0

5833 0

2019 0

8174 0

2382 0

945 0

2366 0

4009 0

5475 0

5950 0

5267 0

2365 0

4518 0

1702 0

3156 0

7045 0

5281 0

1507 0

9821 0

147 0

3859 0

3961 0

8759 0

2900 0

2842 0

3215 0

3607 0

6899 0

9587 0

5666 0

5076 0

3454 0

8516 0

7908 0

3962 0

5095 0

8761 0

625 0

6965 0

8316 0

8773 0

7254 0

3637 0

5668 0

3997 0

1506 0

3987 0

5321 0

3369 0

8422 0

3418 0

9305 0

4149 0

699 0

16 0

4963 0

136 0

1876 0

296 0

3167 0

8976 0

1489 0

6633 0

3891 0

5439 0

3420 0

515 0

1815 0

3545 0

8534 0

324 0

8157 0

3201 0

2329 0

4606 0

1394 0

5785 0

1269 0

3399 0

